2455288.86156 641.5049325106635
2455293.82633 594.8397740692212
2455294.80232 611.5049825170294
2455296.84478 634.4537957757143
2455301.83068 592.6523352402145
2455306.79072 613.196969715683
2455308.80753 607.5751461057412
2455313.77625 595.387894127686
2455314.91588 621.7273892939612
2455316.79988 624.5971525332759
2455320.76203 595.9365192559367
2455321.90333 628.6370884130491
2455323.81712 606.4569815101372
2455326.79219 610.9420249055721
2455327.93287 633.8697112569264
2455334.78344 639.1458891858135
2455336.85084 617.73185859152
2455339.6482 602.5595860743575
2455340.86728 604.2268220498804
2455342.62607 593.745047302196
2455343.65719 626.3253647582229
2455348.79745 612.6324544438646
2455350.73736 582.3713479437514
2455353.72084 624.5971525332759
2455355.89107 588.8436553555896
2455361.68804 603.1148196178177
2455365.73381 621.7273892939612
2455378.64145 610.9420249055721
2455380.67644 617.73185859152
2455382.82715 614.3275612705213
2455385.54242 622.3002851691589
2455385.64544 612.0684588704593
2455385.74409 622.8737089440294
2455388.77042 613.7620051647933
2455391.83879 626.9024974761641
2455397.70676 592.1067335646615
2455405.66048 578.0960474057187
2455409.50022 622.8737089440294
2455413.55967 600.3437587325651
2455422.63525 610.9420249055721
2455434.49816 585.5985598492883
2455439.59806 601.450651977549
2455447.53577 615.4602373713157
2455457.59617 622.3002851691589
2455465.54659 612.6324544438646
2455473.50999 609.8176639987863
2455492.52601 595.387894127686
2455604.89036 627.4801619978521
2455608.88534 588.8436553555896
2455611.87694 585.5985598492883
2455620.82702 607.0158063410436
2455623.86216 608.1350012787183
2455624.80428 583.4451042737442
2455625.80154 626.9024974761641
2455627.79056 596.4856499193778
2455629.80475 591.5616341754737
2455630.8411 595.9365192559367
2455632.80023 610.9420249055721
2455634.77917 612.0684588704593
2455635.81612 614.3275612705213
2455638.77513 609.2562597496557
2455639.79101 621.1550208324421
2455640.84507 623.4476611050052
2455642.86225 610.3795855585303
2455642.88211 602.5595860743575
2455644.82746 619.4410750767818
2455647.81647 605.8986711389654
2455649.84934 589.3862502405804
2455651.78328 598.1360797812744
2455653.91007 628.6370884130491
2455655.8482 613.7620051647933
2455657.88033 616.5950018614828
2455659.76756 621.7273892939612
2455660.86379 622.8737089440294
2455664.74702 616.5950018614828
2455665.86818 618.8708114190298
2455668.85124 581.2995677253889
2455675.83739 619.4410750767818
2455679.92721 615.4602373713157
2455683.68936 621.1550208324421
2455686.85229 614.8936385126274
2455692.71276 596.4856499193778
2455694.86827 604.2268220498804
2455697.7278 619.4410750767818
2455702.64983 626.9024974761641
2455707.59503 586.1381645140297
2455712.5631 589.3862502405804
2455715.9089 617.163168455583
2455723.56513 626.3253647582229
2455726.57095 595.387894127686
2455735.73616 599.7910762555094
2455737.82997 614.8936385126274
2455740.69476 612.6324544438646
2455742.70949 610.9420249055721
2455745.75598 612.0684588704593
2455749.54415 626.9024974761641
2455760.61627 607.0158063410436
2455765.58261 593.745047302196
2455769.49002 598.1360797812744
2455777.71159 603.6705647858457
2455784.56304 616.5950018614828
2455784.66342 618.8708114190298
2455786.52738 584.5208403588565
2455790.62038 605.3408747539123
2455795.54629 575.439937337156
2455803.59546 594.292158615572
2455815.53597 601.450651977549
2455819.57096 602.5595860743575
2455822.54395 587.2188659713034
2455827.53866 570.6896548928049
2455829.50152 588.8436553555896
2455831.5211 617.73185859152
2455833.52751 595.9365192559367
2455840.52309 647.4407045688145
2455842.49903 616.5950018614828
2455844.51766 588.301559988882
2455846.55956 640.3243244689457
2455852.4981 594.292158615572
2455977.83503 614.8936385126274
2455982.83796 605.3408747539123
2455985.86809 620.0118642087255
2455988.85386 611.5049825170294
2455991.79722 573.3238386538413
2455993.86852 619.4410750767818
2455995.89914 604.7835918818006
2455998.77963 626.3253647582229
2456002.85028 628.6370884130491
2456002.91217 599.7910762555094
2456005.80889 599.2389025834776
2456007.78686 633.2861644521982
2456008.90172 597.5854297155724
2456010.835 603.1148196178177
2456012.77619 616.0273583272378
2456013.89939 610.9420249055721
2456015.80389 614.8936385126274
2456016.91618 625.7487633544403
2456018.81299 580.7644175213123
2456019.9143 607.5751461057412
2456021.75474 639.7348354826482
2456022.81683 628.6370884130491
2456023.90605 616.0273583272378
2456024.89733 605.8986711389654
2456033.7143 607.0158063410436
2456037.77295 624.0221421389766
2456040.92624 599.7910762555094
2456048.80487 612.6324544438646
2456051.74684 620.5831792990614
2456057.75114 625.1726927756849
2456057.89043 632.1206820052679
2456058.72227 573.3238386538413
2456061.86904 608.6953723349002
2456064.8622 636.7955209079169
2456067.6268 630.3764788294866
2456069.72405 610.9420249055721
2456071.69781 613.7620051647933
2456076.74125 613.196969715683
2456078.87736 618.8708114190298
2456080.84158 640.9143566447764
2456086.62782 624.5971525332759
2456089.68524 628.0583588133186
2456093.86136 614.8936385126274
2456097.68321 595.387894127686
2456100.54551 587.2188659713034
2456101.87027 583.4451042737442
2456103.76643 625.1726927756849
2456103.78682 628.6370884130491
2456105.72471 605.8986711389654
2456113.74073 614.3275612705213
2456115.74253 610.9420249055721
2456117.72407 610.9420249055721
2456119.66518 626.3253647582229
2456121.67422 621.1550208324421
2456124.74093 608.1350012787183
2456127.49718 603.1148196178177
2456132.64386 612.6324544438646
2456135.71308 613.7620051647933
2456140.70425 593.1984396649729
2456147.66468 626.3253647582229
2456151.63847 632.7031548665012
2456158.59305 600.3437587325651
2456161.68382 582.3713479437514
2456169.58578 603.6705647858457
2456179.50414 626.9024974761641
2456191.54817 602.5595860743575
2456196.48605 631.5387453743863
2456198.55653 587.2188659713034
2456210.57347 604.7835918818006
2456213.51358 614.3275612705213
2456217.57888 579.1619210831195
2456340.85894 609.2562597496557
2456345.85259 598.1360797812744
2456350.82741 638.5574850788404
2456353.86037 613.196969715683
2456361.86229 620.5831792990614
2456367.82712 620.0118642087255
2456369.84786 595.9365192559367
2456371.84927 602.5595860743575
2456372.84178 605.3408747539123
2456374.80304 629.2163512879858
2456376.75993 595.9365192559367
2456377.88948 602.5595860743575
2456379.829 616.5950018614828
2456381.79064 628.0583588133186
2456382.89128 603.1148196178177
2456387.82195 608.6953723349002
2456389.72029 623.4476611050052
2456390.81566 604.7835918818006
2456391.74863 588.301559988882
2456395.86753 610.9420249055721
2456398.86243 602.5595860743575
2456401.90538 619.4410750767818
2456404.8758 589.9293451041436
2456409.80171 603.6705647858457
2456417.77047 612.6324544438646
2456419.89178 597.0352865838378
2456423.68654 612.6324544438646
2456436.75973 622.3002851691589
2456442.64271 621.7273892939612
2456445.72071 602.0048636844601
2456447.7155 613.196969715683
2456449.64434 643.8726829014602
2456451.58504 626.9024974761641
2456454.58683 601.450651977549
2456456.75278 599.2389025834776
2456458.88114 599.2389025834776
2456461.64279 624.0221421389766
2456463.78777 600.3437587325651
2456475.73838 629.2163512879858
2456477.71384 588.8436553555896
2456480.73702 602.5595860743575
2456485.53505 610.9420249055721
2456487.65637 602.0048636844601
2456490.7416 622.3002851691589
2456496.55899 622.3002851691589
2456505.55497 612.6324544438646
2456511.67543 586.1381645140297
2456518.5837 624.5971525332759
2456524.60691 610.9420249055721
2456532.49797 599.2389025834776
2456539.48557 625.1726927756849
2456546.52932 633.8697112569264
2456565.55667 607.5751461057412
2456569.52768 605.3408747539123
2456580.51275 597.5854297155724
2456700.87475 577.5638463945334
2456708.83435 618.8708114190298
2456716.89996 617.73185859152
2456719.86725 612.6324544438646
2456721.89696 601.450651977549
2456724.81965 589.9293451041436
2456726.81 619.4410750767818
2456728.81213 640.9143566447764
2456730.78489 613.7620051647933
2456732.84451 635.6235799378429
2456734.79347 606.4569815101372
2456735.88389 585.0594519500057
2456737.83968 635.0384185040413
2456744.80932 595.387894127686
2456745.9071 632.1206820052679
2456749.84903 610.3795855585303
2456754.80881 606.4569815101372
2456757.88179 605.8986711389654
2456764.693 568.5910246988557
2456768.93395 587.2188659713034
2456771.77338 612.0684588704593
2456773.92291 610.3795855585303
2456776.87862 616.0273583272378
2456789.77163 613.196969715683
2456791.75693 630.957344480193
2456796.70318 617.163168455583
2456798.85423 586.1381645140297
2456804.74092 619.4410750767818
2456806.90214 579.6955946535215
2456808.86903 596.4856499193778
2456810.79477 594.292158615572
2456813.76948 610.3795855585303
2456815.75053 608.6953723349002
2456817.75495 618.8708114190298
2456824.83143 627.4801619978521
2456826.69304 632.7031548665012
2456828.55052 597.0352865838378
2456829.7944 592.6523352402145
2456831.81104 610.9420249055721
2456833.75492 615.4602373713157
2456835.64259 589.3862502405804
2456837.54239 607.0158063410436
2456838.78244 588.301559988882
2456840.69195 608.6953723349002
2456842.70615 611.5049825170294
2456845.57137 614.8936385126274
2456847.75722 589.9293451041436
2456852.68391 619.4410750767818
2456856.60473 609.8176639987863
2456858.54897 599.2389025834776
2456862.75311 609.2562597496557
2456864.75983 599.7910762555094
2456873.54151 581.2995677253889
2456879.66896 603.6705647858457
2456882.6301 607.0158063410436
2456886.56573 617.163168455583
2456888.70789 584.5208403588565
2456891.66301 577.0321353329292
2456907.60554 621.7273892939612
2456915.61165 589.9293451041436
2456923.59472 617.73185859152
2456928.56453 580.7644175213123
2456937.55216 612.6324544438646
2456942.51138 633.8697112569264
2457085.89964 622.8737089440294
2457088.79521 616.0273583272378
2457090.85356 618.8708114190298
2457092.86794 635.6235799378429
2457098.78038 625.7487633544403
2457100.76585 605.8986711389654
2457102.83781 606.4569815101372
2457110.78885 593.745047302196
2457112.73671 639.1458891858135
2457115.75309 612.6324544438646
2457118.83717 607.5751461057412
2457125.8177 614.8936385126274
2457130.7794 611.5049825170294
2457133.89023 616.0273583272378
2457136.72308 612.0684588704593
2457138.8065 620.0118642087255
2457140.92661 608.1350012787183
2457143.71437 597.0352865838378
2457146.71946 589.3862502405804
2457147.93417 599.7910762555094
2457154.73384 619.4410750767818
2457156.72677 615.4602373713157
2457158.92813 610.3795855585303
2457160.89702 614.3275612705213
2457162.86379 604.2268220498804
2457164.90002 626.3253647582229
2457169.74994 595.9365192559367
2457172.68515 625.1726927756849
2457174.5726 637.9696226625794
2457178.67147 610.9420249055721
2457178.84292 644.4659847416877
2457179.59535 635.6235799378429
2457180.80627 628.6370884130491
2457182.68632 620.5831792990614
2457183.92282 577.0321353329292
2457185.79867 613.196969715683
2457187.83291 610.3795855585303
2457189.8111 613.196969715683
2457194.61975 604.7835918818006
2457198.63135 604.7835918818006
2457199.87837 647.4407045688145
2457207.53353 610.3795855585303
2457214.67311 588.301559988882
2457220.56091 608.1350012787183
2457222.47986 604.2268220498804
2457224.50129 602.0048636844601
2457226.67555 609.8176639987863
2457228.60287 608.1350012787183
2457233.52869 594.292158615572
2457233.6955 578.0960474057187
2457249.68056 611.5049825170294
2457255.5757 593.1984396649729
2457263.51896 636.7955209079169
2457267.52569 620.0118642087255
2457270.54359 623.4476611050052
2457275.64189 609.2562597496557
2457284.57626 594.8397740692212
2457294.53522 654.0335094488962
2457299.5665 600.3437587325651
2457415.87102 632.1206820052679
2457424.86051 693.7452139421242
2457428.84486 739.2647526562272
2457428.88542 782.7084095906127
2457432.84367 850.3544719998031
2457433.84181 879.8324994418673
2457434.88524 922.146665124263
2457436.85541 1029.911719340699
2457437.8819 1099.512066879352
2457439.82837 1325.5618607198596
2457440.84071 1477.746706171993
2457441.87957 1671.8603572044653
2457443.81835 2394.41817286338
2457443.90193 2392.2138475120532
2457444.81706 3076.0968147407048
2457445.87707 4281.539943374177
2457446.88902 6817.10526305853
2457447.88708 11025.543321022227
2457448.90096 8271.799518641346
2457451.83672 2615.772682719108
2457452.86267 2112.515966240856
2457453.86899 1816.3519311765112
2457455.81995 1406.0475241299157
2457456.82609 1251.9875206248812
2457457.82164 1144.985534690187
2457458.81685 1081.4339512979386
2457460.81745 969.1700839472924
2457461.81664 874.9837752274364
2457462.80362 837.9150674384097
2457463.83057 817.3348179780701
2457465.77255 788.4969177453779
2457465.90101 795.792789897091
2457467.83522 758.5775750291835
2457470.79211 702.7486176561351
2457471.75697 677.3295140086084
2457471.88781 705.9923578936668
2457472.82587 682.9674408079633
2457473.84474 656.447501951699
2457474.82449 693.7452139421242
2457475.75174 664.3546819760064
2457475.86224 699.519781051212
2457484.7856 621.1550208324421
2457485.92568 636.7955209079169
2457487.80928 617.163168455583
2457488.93174 625.1726927756849
2457492.7027 637.9696226625794
2457492.92864 630.957344480193
2457493.91583 637.3823014383464
2457494.90386 621.1550208324421
2457495.88226 626.3253647582229
2457498.78739 617.163168455583
2457499.76869 628.0583588133186
2457500.71077 607.0158063410436
2457500.91226 617.73185859152
2457508.75466 613.7620051647933
2457509.85095 607.5751461057412
2457511.9228 577.0321353329292
2457522.85709 605.8986711389654
2457526.74301 626.9024974761641
2457529.78822 602.0048636844601
2457534.76611 598.6872372480605
2457536.76892 599.2389025834776
2457547.54737 629.2163512879858
2457547.88563 577.5638463945334
2457549.79967 600.8969504834853
2457550.77777 603.1148196178177
2457554.75842 598.1360797812744
2457555.8272 602.0048636844601
2457557.80712 600.8969504834853
2457561.61315 618.8708114190298
2457562.59483 589.3862502405804
2457566.79945 636.7955209079169
2457567.74359 627.4801619978521
2457568.73862 583.9827246189302
2457569.75873 633.8697112569264
2457570.75527 601.450651977549
2457573.74085 589.9293451041436
2457576.49704 607.0158063410436
2457577.5497 609.8176639987863
2457583.7334 587.7599636805988
2457590.4765 579.6955946535215
2457591.52952 622.3002851691589
2457599.72161 596.4856499193778
2457602.50212 616.5950018614828
2457603.56001 605.8986711389654
2457603.70794 596.4856499193778
2457604.53647 614.3275612705213
2457604.67789 589.9293451041436
2457605.52008 602.5595860743575
2457605.68176 619.4410750767818
2457606.69255 610.9420249055721
2457607.60187 644.4659847416877
2457608.47719 607.0158063410436
2457608.68206 634.4537957757143
2457609.53692 642.6877173170194
2457609.72562 600.8969504834853
2457610.58275 607.0158063410436
2457611.52701 610.3795855585303
2457612.52472 601.450651977549
2457612.66585 592.6523352402145
2457616.71882 585.0594519500057
2457617.65008 646.249172495388
2457618.53993 626.9024974761641
2457618.69809 608.6953723349002
2457621.54029 643.8726829014602
2457622.47591 614.8936385126274
2457622.67031 608.1350012787183
2457623.57736 603.1148196178177
2457624.5084 627.4801619978521
2457625.48019 591.5616341754737
2457625.68357 592.1067335646615
2457626.66472 608.6953723349002
2457630.63899 600.3437587325651
2457631.6162 603.6705647858457
2457632.60136 620.0118642087255
2457633.64374 607.0158063410436
2457635.56021 610.3795855585303
2457636.61165 551.5691912608023
2457637.60113 626.9024974761641
2457639.48313 548.5295139412024
2457643.55854 603.6705647858457
2457644.5944 572.2687092228421
2457647.56641 605.3408747539123
2457648.60436 636.2092805735185
2457650.52233 607.5751461057412
2457651.56163 611.5049825170294
2457652.5822 593.1984396649729
2457654.48965 595.9365192559367
2457656.53166 596.4856499193778
2457658.48831 584.5208403588565
2457660.56829 589.3862502405804
2457662.52829 621.1550208324421
2457664.57344 598.6872372480605
2457666.55492 603.1148196178177
2457672.51648 666.1929002234559
2457679.53283 602.5595860743575
