2455260.86123 893.7169608501977
2455260.90486 927.2567425805935
2455261.79607 908.6570489581463
2455262.83451 912.8512193311221
2455264.87221 901.9864220737461
2455264.88951 902.817564966256
2455265.79513 885.5233145028539
2455266.78322 887.1560120379618
2455267.82505 922.146665124263
2455268.79631 901.9864220737461
2455269.79114 893.7169608501977
2455270.83556 895.3647655495928
2455271.79063 898.6694950475267
2455272.79747 888.7917198848198
2455273.85207 894.5404837788698
2455274.80079 910.3323996799097
2455275.78652 883.8936217394057
2455275.91784 874.9837752274364
2455276.82144 897.0156084148163
2455277.78761 917.9097860573371
2455277.91679 879.8324994418673
2455278.79762 891.2509381337459
2455279.79821 879.0225168308842
2455280.85044 887.1560120379618
2455281.78539 883.8936217394057
2455282.76586 892.0721887252703
2455282.91062 897.0156084148163
2455283.76703 900.3264310597219
2455284.76905 893.7169608501977
2455285.76471 901.1560443397047
2455285.89406 886.3392873279338
2455286.75588 917.0647491149314
2455287.82553 891.2509381337459
2455288.75892 893.7169608501977
2455292.82901 899.4975815300364
2455293.83699 890.4304435937404
2455294.76193 899.4975815300364
2455295.76344 879.0225168308842
2455296.80702 892.8941960649818
2455297.8382 928.1111710201684
2455298.87738 900.3264310597219
2455299.86134 889.6107044092298
2455301.79007 907.8205301781852
2455304.75133 881.4547044472212
2455306.72308 916.220490122001
2455307.75111 881.4547044472212
2455308.74122 891.2509381337459
2455309.81244 895.3647655495928
2455310.78053 906.149802231998
2455311.88052 890.4304435937404
2455312.8752 915.3770083623516
2455313.90363 911.1712330429202
2455314.85172 899.4975815300364
2455315.77747 881.4547044472212
2455316.73028 902.817564966256
2455319.87069 880.6432284180629
2455320.77114 887.9734893257655
2455321.71828 924.698173938222
2455321.91245 901.1560443397047
2455322.8839 907.8205301781852
2455323.82947 876.5970403212785
2455324.76033 881.4547044472212
2455325.65488 901.9864220737461
2455325.87701 910.3323996799097
2455326.80163 909.4943385552937
2455327.74998 868.5603503487779
2455328.61365 897.8421709097264
2455328.87341 897.8421709097264
2455334.78102 879.8324994418673
2455335.77459 891.2509381337459
2455336.81003 897.8421709097264
2455337.86429 889.6107044092298
2455338.88303 888.7917198848198
2455339.89831 875.7900363063694
2455340.83973 880.6432284180629
2455341.73468 899.4975815300364
2455342.59957 912.8512193311221
2455342.79474 906.149802231998
2455343.62887 879.8324994418673
2455343.82177 901.1560443397047
2455348.76912 913.692373681455
2455350.65787 886.3392873279338
2455351.73512 886.3392873279338
2455352.75137 909.4943385552937
2455352.82074 891.2509381337459
2455353.71873 900.3264310597219
2455354.66419 894.5404837788698
2455355.60548 900.3264310597219
2455357.61563 896.1898068616138
2455358.75117 886.3392873279338
2455359.87279 870.1617721519979
2455362.78331 889.6107044092298
2455364.75545 889.6107044092298
2455364.87612 870.9635899560815
2455365.84432 887.9734893257655
2455376.76607 911.1712330429202
2455377.68809 895.3647655495928
2455378.52739 897.0156084148163
2455378.82773 888.7917198848198
2455379.73459 911.1712330429202
2455380.81671 887.9734893257655
2455381.69176 892.8941960649818
2455382.55543 868.5603503487779
2455382.76218 927.2567425805935
2455385.51443 922.146665124263
2455386.48864 887.1560120379618
2455386.57084 882.2669282177173
2455386.6545 906.149802231998
2455388.68221 890.4304435937404
2455389.54916 897.8421709097264
2455390.55666 898.6694950475267
2455390.81366 869.3606925094155
2455391.79957 907.8205301781852
2455392.66927 895.3647655495928
2455393.70799 879.0225168308842
2455396.60403 881.4547044472212
2455397.66743 874.9837752274364
2455402.67733 892.0721887252703
2455403.63965 888.7917198848198
2455404.51111 908.6570489581463
2455404.70827 885.5233145028539
2455405.72393 901.9864220737461
2455407.57725 887.9734893257655
2455407.77094 904.4821490475891
2455408.7004 895.3647655495928
2455409.63337 909.4943385552937
2455410.63687 884.7080928705318
2455411.67354 923.8468875379466
2455412.63422 878.213279898008
2455413.66493 917.9097860573371
2455414.71227 910.3323996799097
2455418.60247 898.6694950475267
2455421.62962 888.7917198848198
2455422.67529 904.4821490475891
2455425.53933 898.6694950475267
2455430.55008 897.0156084148163
2455431.54532 905.3155916484844
2455434.5097 945.3660459579653
2455435.4813 869.3606925094155
2455436.47925 897.0156084148163
2455438.51454 879.8324994418673
2455439.58272 891.2509381337459
2455443.59696 890.4304435937404
2455444.62226 866.1637419723052
2455446.50397 942.7575085274159
2455447.52046 923.8468875379466
2455448.61882 866.1637419723052
2455450.53287 902.817564966256
2455451.6627 912.0108393559087
2455457.55828 898.6694950475267
2455458.58841 887.9734893257655
2455459.61955 898.6694950475267
2455461.50166 871.7661466018484
2455462.51651 904.4821490475891
2455465.52569 911.1712330429202
2455469.52038 907.8205301781852
2455471.56359 896.1898068616138
2455477.54231 888.7917198848198
2455480.53583 901.1560443397047
2455485.52778 870.1617721519979
2455487.52113 874.1782564005277
2455489.51993 922.9963848404544
2455492.54053 942.7575085274159
2455597.85943 877.4047879567535
2455598.85162 897.8421709097264
2455599.85547 901.9864220737461
2455600.85194 872.5694427701169
2455607.88516 886.3392873279338
2455614.88186 879.8324994418673
2455620.86194 921.2977276685564
2455624.82266 893.7169608501977
2455625.78472 901.9864220737461
2455627.8095 915.3770083623516
2455629.78887 901.1560443397047
2455630.78142 905.3155916484844
2455632.7786 894.5404837788698
2455634.76305 912.8512193311221
2455635.83669 871.7661466018484
2455638.75678 922.146665124263
2455639.79867 907.8205301781852
2455640.89494 913.692373681455
2455643.75073 852.7073373436297
2455644.89511 902.817564966256
2455648.75306 889.6107044092298
2455649.89117 896.1898068616138
2455651.8275 910.3323996799097
2455654.78577 884.7080928705318
2455655.89652 905.3155916484844
2455657.92596 942.7575085274159
2455659.80803 889.6107044092298
2455660.92335 864.5696780339116
2455665.9171 881.4547044472212
2455669.77884 864.5696780339116
2455675.73724 864.5696780339116
2455676.93059 897.0156084148163
2455679.8866 891.2509381337459
2455681.75569 875.7900363063694
2455683.70098 864.5696780339116
2455684.93484 874.9837752274364
2455686.91969 932.3951375406327
2455690.61978 866.1637419723052
2455691.84297 902.817564966256
2455693.65082 876.5970403212785
2455694.77001 926.4031007364005
2455695.90614 887.1560120379618
2455697.64344 887.1560120379618
2455698.73921 911.1712330429202
2455705.77069 887.9734893257655
2455707.70068 879.0225168308842
2455708.77325 878.213279898008
2455712.78139 883.8936217394057
2455715.65877 870.9635899560815
2455716.82977 913.692373681455
2455722.66162 911.1712330429202
2455722.67519 891.2509381337459
2455723.81799 917.0647491149314
2455725.71532 923.8468875379466
2455734.84732 906.149802231998
2455736.66543 903.6494737223023
2455737.75522 913.692373681455
2455739.57089 860.5973411928223
2455740.65145 892.8941960649818
2455741.72061 909.4943385552937
2455742.73381 924.698173938222
2455743.84606 891.2509381337459
2455745.51679 894.5404837788698
2455746.70662 892.8941960649818
2455748.6601 897.8421709097264
2455752.58692 881.4547044472212
2455760.75313 917.9097860573371
2455762.52896 915.3770083623516
2455763.66577 887.9734893257655
2455764.75206 866.1637419723052
2455766.58913 883.0799004185614
2455767.74291 929.8223905853808
2455769.51464 894.5404837788698
2455776.53088 879.0225168308842
2455778.50779 925.550244763436
2455785.54278 881.4547044472212
2455787.49413 905.3155916484844
2455788.71098 869.3606925094155
2455793.54438 866.1637419723052
2455795.54461 881.4547044472212
2455801.54915 894.5404837788698
2455804.61193 881.4547044472212
2455807.626 898.6694950475267
2455813.66516 906.149802231998
2455817.56704 847.2274141405964
2455819.64723 890.4304435937404
2455822.59065 851.1380382023759
2455827.58159 907.8205301781852
2455829.5502 899.4975815300364
2455831.56046 907.8205301781852
2455833.56884 910.3323996799097
2455836.5631 906.9847815057911
2455840.58982 871.7661466018484
2455842.55121 861.3903457724292
2455844.55842 894.5404837788698
2455847.54953 883.8936217394057
2455852.55219 901.1560443397047
2455977.88497 902.817564966256
2455983.82385 927.2567425805935
2455986.80896 901.1560443397047
2455989.80198 922.9963848404544
2455991.85564 906.9847815057911
2455994.79377 870.1617721519979
2455996.81738 870.1617721519979
2455998.8257 924.698173938222
2456003.8917 868.5603503487779
2456005.87716 887.9734893257655
2456007.85447 889.6107044092298
2456009.77994 888.7917198848198
2456010.89504 907.8205301781852
2456012.83726 887.9734893257655
2456014.75949 862.1840810727005
2456015.84298 890.4304435937404
2456017.77106 929.8223905853808
2456018.86452 898.6694950475267
2456020.74464 883.0799004185614
2456021.80407 903.6494737223023
2456022.87565 904.4821490475891
2456031.79762 897.0156084148163
2456033.74591 905.3155916484844
2456036.70286 874.9837752274364
2456038.74006 883.8936217394057
2456040.80762 912.0108393559087
2456047.73506 870.9635899560815
2456049.68395 920.4495717531712
2456050.86189 915.3770083623516
2456052.92444 933.2543007969915
2456061.78777 917.0647491149314
2456062.91528 892.8941960649818
2456064.92781 886.3392873279338
2456066.79499 905.3155916484844
2456067.85649 901.9864220737461
2456069.68057 912.0108393559087
2456070.74611 869.3606925094155
2456071.82388 910.3323996799097
2456076.57853 927.2567425805935
2456077.80118 887.9734893257655
2456078.87559 882.2669282177173
2456079.94832 850.3544719998031
2456081.59446 915.3770083623516
2456082.66537 883.0799004185614
2456085.78865 894.5404837788698
2456086.79682 923.8468875379466
2456088.6535 889.6107044092298
2456092.83343 896.1898068616138
2456094.60712 906.9847815057911
2456096.72603 856.6432555816563
2456096.73882 908.6570489581463
2456097.90693 892.8941960649818
2456099.7547 899.4975815300364
2456101.5281 889.6107044092298
2456102.56783 870.1617721519979
2456103.58641 908.6570489581463
2456104.66976 907.8205301781852
2456105.72304 909.4943385552937
2456108.7965 876.5970403212785
2456109.68492 898.6694950475267
2456113.75164 885.5233145028539
2456114.85349 903.6494737223023
2456116.57934 881.4547044472212
2456117.67024 896.1898068616138
2456118.72271 883.8936217394057
2456119.72938 887.1560120379618
2456121.49204 892.8941960649818
2456123.61548 892.0721887252703
2456124.73938 916.220490122001
2456125.83093 927.2567425805935
2456127.75645 906.9847815057911
2456132.5565 878.213279898008
2456134.55368 917.0647491149314
2456136.55487 859.805066661173
2456141.49805 909.4943385552937
2456149.62085 872.5694427701169
2456152.50162 866.1637419723052
2456157.67917 916.220490122001
2456159.55341 904.4821490475891
2456161.57229 876.5970403212785
2456174.64945 906.149802231998
2456179.59098 931.5367652385728
2456191.50359 867.7607449911467
2456196.53581 848.7895030072438
2456199.53352 866.9618757582161
2456211.50933 879.0225168308842
2456213.56306 911.1712330429202
2456218.5387 932.3951375406327
2456219.57019 923.8468875379466
2456233.54067 922.146665124263
2456238.52573 900.3264310597219
2456340.89064 873.3734791423216
2456347.83311 935.8365435835311
2456350.87531 895.3647655495928
2456354.78683 899.4975815300364
2456362.83343 914.534303120459
2456367.88648 892.8941960649818
2456370.77121 905.3155916484844
2456371.9034 884.7080928705318
2456372.89612 885.5233145028539
2456374.86394 901.1560443397047
2456376.82161 886.3392873279338
2456378.76714 905.3155916484844
2456379.88632 877.4047879567535
2456381.85031 922.146665124263
2456386.77549 871.7661466018484
2456387.8708 894.5404837788698
2456389.79537 897.8421709097264
2456390.86145 908.6570489581463
2456393.83551 893.7169608501977
2456395.83881 887.1560120379618
2456397.81126 893.7169608501977
2456399.72677 893.7169608501977
2456401.75953 910.3323996799097
2456403.68768 926.4031007364005
2456404.87379 879.0225168308842
2456407.80526 898.6694950475267
2456415.72683 879.8324994418673
2456416.92177 888.7917198848198
2456418.75279 906.149802231998
2456419.91527 894.5404837788698
2456421.89483 902.817564966256
2456423.89606 895.3647655495928
2456426.7662 942.7575085274159
2456428.89956 878.213279898008
2456432.66836 879.0225168308842
2456433.77201 892.8941960649818
2456435.62075 901.9864220737461
2456436.69172 885.5233145028539
2456437.90861 893.7169608501977
2456442.75675 907.8205301781852
2456444.88497 890.4304435937404
2456446.92022 906.9847815057911
2456447.94515 924.698173938222
2456449.58573 882.2669282177173
2456450.63555 862.9785477669702
2456451.69488 873.3734791423216
2456452.82407 902.817564966256
2456454.86502 891.2509381337459
2456456.75088 903.6494737223023
2456458.60379 871.7661466018484
2456459.65408 873.3734791423216
2456461.54395 881.4547044472212
2456462.82101 932.3951375406327
2456463.8681 883.0799004185614
2456468.58998 858.2227050540146
2456469.75975 921.2977276685564
2456473.58091 884.7080928705318
2456474.65587 910.3323996799097
2456475.75005 883.0799004185614
2456476.80021 866.9618757582161
2456478.56162 896.1898068616138
2456480.61921 866.1637419723052
2456481.77422 934.1142557364775
2456485.62846 906.149802231998
2456486.75879 870.1617721519979
2456490.64108 913.692373681455
2456491.79089 905.3155916484844
2456496.54404 927.2567425805935
2456498.57575 908.6570489581463
2456500.6699 883.8936217394057
2456505.49225 889.6107044092298
2456507.64304 886.3392873279338
2456509.60079 879.8324994418673
2456511.48056 883.0799004185614
2456514.75479 876.5970403212785
2456518.60246 892.0721887252703
2456523.56969 907.8205301781852
2456525.59058 856.6432555816563
2456531.5682 893.7169608501977
2456534.52599 887.9734893257655
2456539.50373 865.3663429563477
2456544.54736 908.6570489581463
2456559.56891 897.8421709097264
2456563.56347 897.0156084148163
2456565.61818 911.1712330429202
2456569.58069 899.4975815300364
2456572.56774 916.220490122001
2456581.52729 893.7169608501977
2456701.86382 906.9847815057911
2456708.87168 897.8421709097264
2456717.83501 864.5696780339116
2456720.80842 895.3647655495928
2456722.83367 893.7169608501977
2456724.85574 890.4304435937404
2456726.85745 874.9837752274364
2456728.8496 907.8205301781852
2456730.81976 862.1840810727005
2456732.88756 912.8512193311221
2456734.82996 909.4943385552937
2456736.76811 929.8223905853808
2456737.77986 879.0225168308842
2456741.86776 854.2795299048491
2456742.81644 900.3264310597219
2456744.91458 881.4547044472212
2456746.82808 899.4975815300364
2456748.86678 915.3770083623516
2456751.76923 900.3264310597219
2456754.79232 895.3647655495928
2456756.83785 917.9097860573371
2456758.87753 887.1560120379618
2456760.82383 900.3264310597219
2456762.76975 917.0647491149314
2456764.73759 892.0721887252703
2456765.90999 886.3392873279338
2456769.81434 905.3155916484844
2456771.69335 890.4304435937404
2456772.85842 912.0108393559087
2456774.7332 893.7169608501977
2456776.66459 939.290651618398
2456777.92573 917.9097860573371
2456790.65493 912.8512193311221
2456791.70971 865.3663429563477
2456792.73172 923.8468875379466
2456792.75668 906.149802231998
2456796.81227 900.3264310597219
2456797.89949 900.3264310597219
2456803.76243 897.8421709097264
2456804.77171 900.3264310597219
2456805.8311 886.3392873279338
2456807.81419 877.4047879567535
2456808.83753 898.6694950475267
2456809.89047 870.9635899560815
2456810.92005 893.7169608501977
2456811.93299 904.4821490475891
2456814.73917 917.0647491149314
2456815.80301 906.149802231998
2456816.87678 895.3647655495928
2456819.78897 897.8421709097264
2456824.65108 912.0108393559087
2456825.67013 912.8512193311221
2456826.69082 901.1560443397047
2456827.77227 890.4304435937404
2456828.81905 898.6694950475267
2456829.79278 874.9837752274364
2456830.81995 890.4304435937404
2456832.57667 912.8512193311221
2456833.63967 920.4495717531712
2456834.64683 917.9097860573371
2456835.72117 897.8421709097264
2456836.75466 911.1712330429202
2456837.76579 892.8941960649818
2456838.76601 875.7900363063694
2456839.782 883.8936217394057
2456841.52696 896.1898068616138
2456842.58152 883.8936217394057
2456844.61028 921.2977276685564
2456845.59857 942.7575085274159
2456847.58798 862.9785477669702
2456851.55417 931.5367652385728
2456852.61708 931.5367652385728
2456855.69268 898.6694950475267
2456856.71743 895.3647655495928
2456857.77019 898.6694950475267
2456859.59129 885.5233145028539
2456862.77661 890.4304435937404
2456864.53645 894.5404837788698
2456870.6099 883.0799004185614
2456873.47901 905.3155916484844
2456879.66754 908.6570489581463
2456881.62969 910.3323996799097
2456883.52694 876.5970403212785
2456885.73004 890.4304435937404
2456887.64262 906.9847815057911
2456889.57648 904.4821490475891
2456891.48051 904.4821490475891
2456895.69415 898.6694950475267
2456909.54486 875.7900363063694
2456919.57774 901.9864220737461
2456924.53105 898.6694950475267
2456927.52824 943.6262202767281
2456930.55716 884.7080928705318
2456931.48291 886.3392873279338
2456932.54641 932.3951375406327
2456938.56643 874.1782564005277
2456949.53746 841.0077540692338
2456952.54218 874.9837752274364
2456955.52991 892.0721887252703
2457071.84652 879.8324994418673
2457074.87064 901.9864220737461
2457075.84677 921.2977276685564
2457077.83337 899.4975815300364
2457078.88705 885.5233145028539
2457081.8851 891.2509381337459
2457083.81085 904.4821490475891
2457084.80557 906.149802231998
2457086.89206 897.0156084148163
2457089.79152 908.6570489581463
2457091.83447 879.0225168308842
2457093.85509 896.1898068616138
2457098.89678 906.9847815057911
2457100.89309 912.8512193311221
2457108.83015 931.5367652385728
2457109.77813 899.4975815300364
2457110.91538 902.817564966256
2457112.86723 905.3155916484844
2457113.88362 919.6021966586165
2457115.90737 891.2509381337459
2457117.88436 904.4821490475891
2457119.92558 879.0225168308842
2457125.83217 889.6107044092298
2457129.7822 907.8205301781852
2457131.69149 892.8941960649818
2457133.81047 912.0108393559087
2457134.92803 907.8205301781852
2457136.79361 904.4821490475891
2457137.9306 933.2543007969915
2457139.78362 889.6107044092298
2457140.91005 892.8941960649818
2457142.74497 916.220490122001
2457143.85651 901.9864220737461
2457145.8146 879.8324994418673
2457146.84606 930.6791831626541
2457147.86651 893.7169608501977
2457153.7178 901.9864220737461
2457154.82494 914.534303120459
2457155.90073 901.1560443397047
2457157.83487 893.7169608501977
2457158.92635 897.0156084148163
2457160.64783 879.0225168308842
2457161.72024 904.4821490475891
2457162.78879 888.7917198848198
2457163.84141 896.1898068616138
2457166.60459 879.0225168308842
2457168.8104 887.1560120379618
2457170.60757 892.0721887252703
2457172.65419 868.5603503487779
2457173.67513 916.220490122001
2457174.68367 917.9097860573371
2457175.69763 874.1782564005277
2457176.92534 911.1712330429202
2457178.79559 906.149802231998
2457179.65204 897.8421709097264
2457180.64749 902.817564966256
2457181.64305 900.3264310597219
2457182.66076 855.8546212208237
2457183.67262 875.7900363063694
2457184.71839 884.7080928705318
2457185.73893 919.6021966586165
2457186.89027 915.3770083623516
2457187.90314 903.6494737223023
2457189.60235 876.5970403212785
2457190.65952 908.6570489581463
2457191.84037 903.6494737223023
2457194.71759 897.0156084148163
2457197.80403 895.3647655495928
2457198.83196 880.6432284180629
2457199.8313 892.8941960649818
2457200.81509 886.3392873279338
2457206.69617 854.2795299048491
2457207.7105 883.8936217394057
2457211.83521 896.1898068616138
2457217.5858 908.6570489581463
2457221.50348 881.4547044472212
2457222.56583 897.0156084148163
2457223.70219 902.817564966256
2457224.80376 887.9734893257655
2457226.70309 880.6432284180629
2457227.7137 875.7900363063694
2457228.76973 887.9734893257655
2457229.8053 931.5367652385728
2457235.7017 897.8421709097264
2457249.60164 885.5233145028539
2457252.67472 910.3323996799097
2457255.62374 906.149802231998
2457263.53265 896.1898068616138
2457264.7079 886.3392873279338
2457267.7013 930.6791831626541
2457269.69858 901.1560443397047
2457272.54798 922.146665124263
2457277.50186 893.7169608501977
2457281.52769 854.2795299048491
2457292.56864 861.3903457724292
2457295.56945 936.6988779521153
2457300.49121 862.9785477669702
2457317.51699 882.2669282177173
2457324.50219 879.0225168308842
2457329.51214 887.9734893257655
2457333.51066 883.0799004185614
2457436.83513 1277.6149939707934
2457438.88156 1332.9074642313394
2457441.86945 1505.2200686321282
2457445.87994 2030.4860027168017
2457447.90139 2484.276893696803
2457451.8999 3708.5146587568574
2457453.88489 3933.688806732014
2457456.84282 3188.5996933863867
2457458.84937 2625.427318993695
2457461.84935 1928.412775639429
2457463.89553 1699.8085132034983
2457470.85435 1194.5380829338874
2457472.784 1139.7248040197487
2457474.80244 1136.5799747501512
2457475.83374 1084.4261957670758
2457476.78663 1102.554332102225
2457479.81941 983.5580562269574
2457484.89967 1016.716800466376
2457486.82466 987.1883010683966
2457488.71974 946.2371613657939
2457491.73232 952.357486191919
2457492.77894 972.7472237769641
2457493.76657 920.4495717531712
2457494.74971 935.8365435835311
2457495.7334 948.8553267278029
2457497.87906 929.8223905853808
2457498.88692 938.4259312370186
2457500.78109 970.0631337839562
2457507.81697 927.2567425805935
2457511.71472 910.3323996799097
2457512.91959 887.1560120379618
2457523.86947 871.7661466018484
2457526.88389 922.9963848404544
2457530.74869 914.534303120459
2457534.87297 876.5970403212785
2457536.86903 920.4495717531712
2457546.72015 910.3323996799097
2457547.6465 897.0156084148163
2457548.8082 884.7080928705318
2457549.91011 891.2509381337459
2457550.88887 884.7080928705318
2457555.6308 902.817564966256
2457557.56903 898.6694950475267
2457561.73225 895.3647655495928
2457566.58014 914.534303120459
2457567.52342 836.372991584027
2457567.84326 865.3663429563477
2457568.86676 920.4495717531712
2457570.6693 907.8205301781852
2457575.66517 892.0721887252703
2457576.67723 921.2977276685564
2457579.7153 874.9837752274364
2457584.5949 870.9635899560815
2457589.58776 879.0225168308842
2457590.60388 891.2509381337459
2457593.58403 883.0799004185614
2457596.54329 883.0799004185614
2457600.56584 854.2795299048491
2457602.65658 901.1560443397047
2457603.69721 899.4975815300364
2457604.70432 885.5233145028539
2457605.74554 883.8936217394057
2457607.71993 906.149802231998
2457609.53871 892.8941960649818
2457610.69672 912.8512193311221
2457612.66753 831.7637711026717
2457617.51603 874.9837752274364
2457618.64344 849.5716271561215
2457622.47762 924.698173938222
2457623.64757 902.817564966256
2457625.59977 883.8936217394057
2457630.61069 876.5970403212785
2457632.61775 894.5404837788698
2457636.50169 859.013521505396
2457638.54127 870.9635899560815
2457644.57068 824.1381150130013
2457649.48789 901.9864220737461
2457651.59391 915.3770083623516
2457657.57978 877.4047879567535
2457660.54262 906.9847815057911
2457672.52144 861.3903457724292
2457679.53465 877.4047879567535
2457684.51855 921.2977276685564
